0 1.759399e+09 6.788375e-09 
14 14 1.000000e+00 
(   4.00000000000e+00,  -1.95943487864e-15 ) 
(   4.00000000000e+00,   1.95943487864e-15 ) 
(   4.00000000000e+00,  -3.91886975727e-15 ) 
(   4.00000000000e+00,   3.91886975727e-15 ) 
1.309004e+01 -1.683182e+01 6.433024e+00  
1.309004e+01 -1.683182e+01 6.433024e+00  
101 
   1.28900000000e+04    1.36676072387e-01    1.33673242769e-01 
    1.36676072387e-01    1.33673242769e-01 
   1.28905000000e+04    1.36668041677e-01    1.33662824915e-01 
    1.36668041677e-01    1.33662824915e-01 
   1.28910000000e+04    1.36660011619e-01    1.33652408348e-01 
    1.36660011619e-01    1.33652408348e-01 
   1.28915000000e+04    1.36651982214e-01    1.33641993069e-01 
    1.36651982214e-01    1.33641993069e-01 
   1.28920000000e+04    1.36643953460e-01    1.33631579076e-01 
    1.36643953460e-01    1.33631579076e-01 
   1.28925000000e+04    1.36635925358e-01    1.33621166370e-01 
    1.36635925358e-01    1.33621166370e-01 
   1.28930000000e+04    1.36627897909e-01    1.33610754950e-01 
    1.36627897909e-01    1.33610754950e-01 
   1.28935000000e+04    1.36619871111e-01    1.33600344817e-01 
    1.36619871111e-01    1.33600344817e-01 
   1.28940000000e+04    1.36611844965e-01    1.33589935969e-01 
    1.36611844965e-01    1.33589935969e-01 
   1.28945000000e+04    1.36603819470e-01    1.33579528408e-01 
    1.36603819470e-01    1.33579528408e-01 
   1.28950000000e+04    1.36595794628e-01    1.33569122132e-01 
    1.36595794628e-01    1.33569122132e-01 
   1.28955000000e+04    1.36587770437e-01    1.33558717143e-01 
    1.36587770437e-01    1.33558717143e-01 
   1.28960000000e+04    1.36579746897e-01    1.33548313438e-01 
    1.36579746897e-01    1.33548313438e-01 
   1.28965000000e+04    1.36571724009e-01    1.33537911019e-01 
    1.36571724009e-01    1.33537911019e-01 
   1.28970000000e+04    1.36563701772e-01    1.33527509885e-01 
    1.36563701772e-01    1.33527509885e-01 
   1.28975000000e+04    1.36555680187e-01    1.33517110035e-01 
    1.36555680187e-01    1.33517110035e-01 
   1.28980000000e+04    1.36547659253e-01    1.33506711471e-01 
    1.36547659253e-01    1.33506711471e-01 
   1.28985000000e+04    1.36539638970e-01    1.33496314191e-01 
    1.36539638970e-01    1.33496314191e-01 
   1.28990000000e+04    1.36531619339e-01    1.33485918195e-01 
    1.36531619339e-01    1.33485918195e-01 
   1.28995000000e+04    1.36523600359e-01    1.33475523484e-01 
    1.36523600359e-01    1.33475523484e-01 
   1.29000000000e+04    1.36515582029e-01    1.33465130056e-01 
    1.36515582029e-01    1.33465130056e-01 
   1.29005000000e+04    1.36507564351e-01    1.33454737912e-01 
    1.36507564351e-01    1.33454737912e-01 
   1.29010000000e+04    1.36499547324e-01    1.33444347052e-01 
    1.36499547324e-01    1.33444347052e-01 
   1.29015000000e+04    1.36491530947e-01    1.33433957476e-01 
    1.36491530947e-01    1.33433957476e-01 
   1.29020000000e+04    1.36483515221e-01    1.33423569183e-01 
    1.36483515221e-01    1.33423569183e-01 
   1.29025000000e+04    1.36475500147e-01    1.33413182173e-01 
    1.36475500147e-01    1.33413182173e-01 
   1.29030000000e+04    1.36467485722e-01    1.33402796445e-01 
    1.36467485722e-01    1.33402796445e-01 
   1.29035000000e+04    1.36459471949e-01    1.33392412001e-01 
    1.36459471949e-01    1.33392412001e-01 
   1.29040000000e+04    1.36451458826e-01    1.33382028839e-01 
    1.36451458826e-01    1.33382028839e-01 
   1.29045000000e+04    1.36443446353e-01    1.33371646960e-01 
    1.36443446353e-01    1.33371646960e-01 
   1.29050000000e+04    1.36435434531e-01    1.33361266363e-01 
    1.36435434531e-01    1.33361266363e-01 
   1.29055000000e+04    1.36427423360e-01    1.33350887047e-01 
    1.36427423360e-01    1.33350887047e-01 
   1.29060000000e+04    1.36419412838e-01    1.33340509014e-01 
    1.36419412838e-01    1.33340509014e-01 
   1.29065000000e+04    1.36411402967e-01    1.33330132263e-01 
    1.36411402967e-01    1.33330132263e-01 
   1.29070000000e+04    1.36403393747e-01    1.33319756793e-01 
    1.36403393747e-01    1.33319756793e-01 
   1.29075000000e+04    1.36395385176e-01    1.33309382604e-01 
    1.36395385176e-01    1.33309382604e-01 
   1.29080000000e+04    1.36387377256e-01    1.33299009696e-01 
    1.36387377256e-01    1.33299009696e-01 
   1.29085000000e+04    1.36379369985e-01    1.33288638070e-01 
    1.36379369985e-01    1.33288638070e-01 
   1.29090000000e+04    1.36371363365e-01    1.33278267724e-01 
    1.36371363365e-01    1.33278267724e-01 
   1.29095000000e+04    1.36363357394e-01    1.33267898659e-01 
    1.36363357394e-01    1.33267898659e-01 
   1.29100000000e+04    1.36355352073e-01    1.33257530874e-01 
    1.36355352073e-01    1.33257530874e-01 
   1.29105000000e+04    1.36347347402e-01    1.33247164370e-01 
    1.36347347402e-01    1.33247164370e-01 
   1.29110000000e+04    1.36339343381e-01    1.33236799146e-01 
    1.36339343381e-01    1.33236799146e-01 
   1.29115000000e+04    1.36331340009e-01    1.33226435201e-01 
    1.36331340009e-01    1.33226435201e-01 
   1.29120000000e+04    1.36323337287e-01    1.33216072537e-01 
    1.36323337287e-01    1.33216072537e-01 
   1.29125000000e+04    1.36315335215e-01    1.33205711152e-01 
    1.36315335215e-01    1.33205711152e-01 
   1.29130000000e+04    1.36307333792e-01    1.33195351046e-01 
    1.36307333792e-01    1.33195351046e-01 
   1.29135000000e+04    1.36299333019e-01    1.33184992220e-01 
    1.36299333019e-01    1.33184992220e-01 
   1.29140000000e+04    1.36291332895e-01    1.33174634672e-01 
    1.36291332895e-01    1.33174634672e-01 
   1.29145000000e+04    1.36283333420e-01    1.33164278404e-01 
    1.36283333420e-01    1.33164278404e-01 
   1.29150000000e+04    1.36275334594e-01    1.33153923414e-01 
    1.36275334594e-01    1.33153923414e-01 
   1.29155000000e+04    1.36267336418e-01    1.33143569702e-01 
    1.36267336418e-01    1.33143569702e-01 
   1.29160000000e+04    1.36259338891e-01    1.33133217269e-01 
    1.36259338891e-01    1.33133217269e-01 
   1.29165000000e+04    1.36251342012e-01    1.33122866114e-01 
    1.36251342012e-01    1.33122866114e-01 
   1.29170000000e+04    1.36243345783e-01    1.33112516237e-01 
    1.36243345783e-01    1.33112516237e-01 
   1.29175000000e+04    1.36235350203e-01    1.33102167638e-01 
    1.36235350203e-01    1.33102167638e-01 
   1.29180000000e+04    1.36227355272e-01    1.33091820317e-01 
    1.36227355272e-01    1.33091820317e-01 
   1.29185000000e+04    1.36219360989e-01    1.33081474273e-01 
    1.36219360989e-01    1.33081474273e-01 
   1.29190000000e+04    1.36211367355e-01    1.33071129506e-01 
    1.36211367355e-01    1.33071129506e-01 
   1.29195000000e+04    1.36203374370e-01    1.33060786016e-01 
    1.36203374370e-01    1.33060786016e-01 
   1.29200000000e+04    1.36195382034e-01    1.33050443803e-01 
    1.36195382034e-01    1.33050443803e-01 
   1.29205000000e+04    1.36187390346e-01    1.33040102867e-01 
    1.36187390346e-01    1.33040102867e-01 
   1.29210000000e+04    1.36179399307e-01    1.33029763208e-01 
    1.36179399307e-01    1.33029763208e-01 
   1.29215000000e+04    1.36171408916e-01    1.33019424824e-01 
    1.36171408916e-01    1.33019424824e-01 
   1.29220000000e+04    1.36163419173e-01    1.33009087717e-01 
    1.36163419173e-01    1.33009087717e-01 
   1.29225000000e+04    1.36155430079e-01    1.32998751886e-01 
    1.36155430079e-01    1.32998751886e-01 
   1.29230000000e+04    1.36147441633e-01    1.32988417331e-01 
    1.36147441633e-01    1.32988417331e-01 
   1.29235000000e+04    1.36139453836e-01    1.32978084052e-01 
    1.36139453836e-01    1.32978084052e-01 
   1.29240000000e+04    1.36131466686e-01    1.32967752048e-01 
    1.36131466686e-01    1.32967752048e-01 
   1.29245000000e+04    1.36123480185e-01    1.32957421319e-01 
    1.36123480185e-01    1.32957421319e-01 
   1.29250000000e+04    1.36115494331e-01    1.32947091865e-01 
    1.36115494331e-01    1.32947091865e-01 
   1.29255000000e+04    1.36107509126e-01    1.32936763687e-01 
    1.36107509126e-01    1.32936763687e-01 
   1.29260000000e+04    1.36099524568e-01    1.32926436783e-01 
    1.36099524568e-01    1.32926436783e-01 
   1.29265000000e+04    1.36091540659e-01    1.32916111154e-01 
    1.36091540659e-01    1.32916111154e-01 
   1.29270000000e+04    1.36083557397e-01    1.32905786799e-01 
    1.36083557397e-01    1.32905786799e-01 
   1.29275000000e+04    1.36075574783e-01    1.32895463718e-01 
    1.36075574783e-01    1.32895463718e-01 
   1.29280000000e+04    1.36067592816e-01    1.32885141912e-01 
    1.36067592816e-01    1.32885141912e-01 
   1.29285000000e+04    1.36059611498e-01    1.32874821379e-01 
    1.36059611498e-01    1.32874821379e-01 
   1.29290000000e+04    1.36051630826e-01    1.32864502120e-01 
    1.36051630826e-01    1.32864502120e-01 
   1.29295000000e+04    1.36043650802e-01    1.32854184135e-01 
    1.36043650802e-01    1.32854184135e-01 
   1.29300000000e+04    1.36035671426e-01    1.32843867423e-01 
    1.36035671426e-01    1.32843867423e-01 
   1.29305000000e+04    1.36027692697e-01    1.32833551984e-01 
    1.36027692697e-01    1.32833551984e-01 
   1.29310000000e+04    1.36019714615e-01    1.32823237818e-01 
    1.36019714615e-01    1.32823237818e-01 
   1.29315000000e+04    1.36011737181e-01    1.32812924925e-01 
    1.36011737181e-01    1.32812924925e-01 
   1.29320000000e+04    1.36003760394e-01    1.32802613304e-01 
    1.36003760394e-01    1.32802613304e-01 
   1.29325000000e+04    1.35995784254e-01    1.32792302956e-01 
    1.35995784254e-01    1.32792302956e-01 
   1.29330000000e+04    1.35987808760e-01    1.32781993881e-01 
    1.35987808760e-01    1.32781993881e-01 
   1.29335000000e+04    1.35979833914e-01    1.32771686077e-01 
    1.35979833914e-01    1.32771686077e-01 
   1.29340000000e+04    1.35971859715e-01    1.32761379546e-01 
    1.35971859715e-01    1.32761379546e-01 
   1.29345000000e+04    1.35963886163e-01    1.32751074286e-01 
    1.35963886163e-01    1.32751074286e-01 
   1.29350000000e+04    1.35955913258e-01    1.32740770297e-01 
    1.35955913258e-01    1.32740770297e-01 
   1.29355000000e+04    1.35947940999e-01    1.32730467580e-01 
    1.35947940999e-01    1.32730467580e-01 
   1.29360000000e+04    1.35939969387e-01    1.32720166135e-01 
    1.35939969387e-01    1.32720166135e-01 
   1.29365000000e+04    1.35931998422e-01    1.32709865960e-01 
    1.35931998422e-01    1.32709865960e-01 
   1.29370000000e+04    1.35924028103e-01    1.32699567056e-01 
    1.35924028103e-01    1.32699567056e-01 
   1.29375000000e+04    1.35916058431e-01    1.32689269423e-01 
    1.35916058431e-01    1.32689269423e-01 
   1.29380000000e+04    1.35908089405e-01    1.32678973061e-01 
    1.35908089405e-01    1.32678973061e-01 
   1.29385000000e+04    1.35900121025e-01    1.32668677968e-01 
    1.35900121025e-01    1.32668677968e-01 
   1.29390000000e+04    1.35892153292e-01    1.32658384146e-01 
    1.35892153292e-01    1.32658384146e-01 
   1.29395000000e+04    1.35884186206e-01    1.32648091594e-01 
    1.35884186206e-01    1.32648091594e-01 
   1.29400000000e+04    1.35876219765e-01    1.32637800312e-01 
    1.35876219765e-01    1.32637800312e-01 
