   6.53230489313e+08    6.55764354671e+08    2.53386535808e+04    6.18000000000e-01 
101 
3.053665e-06 
3.053428e-06 
3.053191e-06 
3.052953e-06 
3.052716e-06 
3.052479e-06 
3.052241e-06 
3.052004e-06 
3.051767e-06 
3.051530e-06 
3.051292e-06 
3.051055e-06 
3.050818e-06 
3.050581e-06 
3.050344e-06 
3.050107e-06 
3.049870e-06 
3.049633e-06 
3.049396e-06 
3.049159e-06 
3.048922e-06 
3.048685e-06 
3.048449e-06 
3.048212e-06 
3.047975e-06 
3.047738e-06 
3.047501e-06 
3.047265e-06 
3.047028e-06 
3.046791e-06 
3.046555e-06 
3.046318e-06 
3.046082e-06 
3.045845e-06 
3.045609e-06 
3.045372e-06 
3.045136e-06 
3.044899e-06 
3.044663e-06 
3.044426e-06 
3.044190e-06 
3.043954e-06 
3.043718e-06 
3.043481e-06 
3.043245e-06 
3.043009e-06 
3.042773e-06 
3.042536e-06 
3.042300e-06 
3.042064e-06 
3.041828e-06 
3.041592e-06 
3.041356e-06 
3.041120e-06 
3.040884e-06 
3.040648e-06 
3.040412e-06 
3.040176e-06 
3.039941e-06 
3.039705e-06 
3.039469e-06 
3.039233e-06 
3.038997e-06 
3.038762e-06 
3.038526e-06 
3.038290e-06 
3.038055e-06 
3.037819e-06 
3.037584e-06 
3.037348e-06 
3.037113e-06 
3.036877e-06 
3.036642e-06 
3.036406e-06 
3.036171e-06 
3.035935e-06 
3.035700e-06 
3.035465e-06 
3.035229e-06 
3.034994e-06 
3.034759e-06 
3.034524e-06 
3.034288e-06 
3.034053e-06 
3.033818e-06 
3.033583e-06 
3.033348e-06 
3.033113e-06 
3.032878e-06 
3.032643e-06 
3.032408e-06 
3.032173e-06 
3.031938e-06 
3.031703e-06 
3.031468e-06 
3.031233e-06 
3.030999e-06 
3.030764e-06 
3.030529e-06 
3.030294e-06 
3.030060e-06 
4.972172e-09 
4.971432e-09 
4.970693e-09 
4.969953e-09 
4.969214e-09 
4.968475e-09 
4.967736e-09 
4.966997e-09 
4.966258e-09 
4.965520e-09 
4.964781e-09 
4.964043e-09 
4.963305e-09 
4.962567e-09 
4.961829e-09 
4.961091e-09 
4.960354e-09 
4.959616e-09 
4.958879e-09 
4.958142e-09 
4.957405e-09 
4.956668e-09 
4.955931e-09 
4.955195e-09 
4.954458e-09 
4.953722e-09 
4.952986e-09 
4.952250e-09 
4.951514e-09 
4.950779e-09 
4.950043e-09 
4.949308e-09 
4.948572e-09 
4.947837e-09 
4.947102e-09 
4.946367e-09 
4.945633e-09 
4.944898e-09 
4.944164e-09 
4.943429e-09 
4.942695e-09 
4.941961e-09 
4.941227e-09 
4.940494e-09 
4.939760e-09 
4.939027e-09 
4.938293e-09 
4.937560e-09 
4.936827e-09 
4.936094e-09 
4.935361e-09 
4.934629e-09 
4.933896e-09 
4.933164e-09 
4.932432e-09 
4.931700e-09 
4.930968e-09 
4.930236e-09 
4.929505e-09 
4.928773e-09 
4.928042e-09 
4.927311e-09 
4.926580e-09 
4.925849e-09 
4.925118e-09 
4.924387e-09 
4.923657e-09 
4.922927e-09 
4.922196e-09 
4.921466e-09 
4.920736e-09 
4.920007e-09 
4.919277e-09 
4.918548e-09 
4.917818e-09 
4.917089e-09 
4.916360e-09 
4.915631e-09 
4.914902e-09 
4.914174e-09 
4.913445e-09 
4.912717e-09 
4.911989e-09 
4.911260e-09 
4.910533e-09 
4.909805e-09 
4.909077e-09 
4.908350e-09 
4.907622e-09 
4.906895e-09 
4.906168e-09 
4.905441e-09 
4.904714e-09 
4.903987e-09 
4.903261e-09 
4.902534e-09 
4.901808e-09 
4.901082e-09 
4.900356e-09 
4.899630e-09 
4.898905e-09 
