   2.53386537927e+08    1.52031922756e+09    5.06773075853e+06    9.24000000000e-01 
251 
2.732128e-05 
2.625792e-05 
2.525536e-05 
2.430928e-05 
2.341530e-05 
2.256997e-05 
2.176959e-05 
2.101099e-05 
2.029131e-05 
1.960795e-05 
1.895848e-05 
1.834097e-05 
1.775312e-05 
1.719305e-05 
1.665904e-05 
1.614967e-05 
1.566329e-05 
1.519853e-05 
1.475414e-05 
1.432894e-05 
1.392184e-05 
1.353199e-05 
1.315827e-05 
1.279982e-05 
1.245580e-05 
1.212546e-05 
1.180807e-05 
1.150298e-05 
1.120955e-05 
1.092720e-05 
1.065537e-05 
1.039363e-05 
1.014144e-05 
9.898309e-06 
9.663812e-06 
9.437545e-06 
9.219128e-06 
9.008201e-06 
8.804427e-06 
8.607485e-06 
8.417074e-06 
8.232952e-06 
8.054815e-06 
7.882386e-06 
7.715434e-06 
7.553728e-06 
7.397050e-06 
7.245194e-06 
7.097965e-06 
6.955175e-06 
6.816649e-06 
6.682246e-06 
6.551784e-06 
6.425099e-06 
6.302053e-06 
6.182507e-06 
6.066328e-06 
5.953393e-06 
5.843580e-06 
5.736778e-06 
5.632876e-06 
5.531768e-06 
5.433357e-06 
5.337564e-06 
5.244297e-06 
5.153457e-06 
5.064952e-06 
4.978704e-06 
4.894640e-06 
4.812688e-06 
4.732776e-06 
4.654838e-06 
4.578808e-06 
4.504626e-06 
4.432231e-06 
4.361567e-06 
4.292579e-06 
4.225215e-06 
4.159423e-06 
4.095156e-06 
4.032367e-06 
3.971010e-06 
3.911042e-06 
3.852423e-06 
3.795111e-06 
3.739068e-06 
3.684257e-06 
3.630642e-06 
3.578188e-06 
3.526863e-06 
3.476634e-06 
3.427470e-06 
3.379341e-06 
3.332219e-06 
3.286074e-06 
3.240882e-06 
3.196616e-06 
3.153250e-06 
3.110759e-06 
3.069120e-06 
3.028314e-06 
2.988322e-06 
2.949121e-06 
2.910687e-06 
2.872998e-06 
2.836035e-06 
2.799781e-06 
2.764218e-06 
2.729328e-06 
2.695094e-06 
2.661500e-06 
2.628531e-06 
2.596170e-06 
2.564403e-06 
2.533215e-06 
2.502593e-06 
2.472522e-06 
2.442990e-06 
2.413984e-06 
2.385492e-06 
2.357501e-06 
2.329999e-06 
2.302975e-06 
2.276419e-06 
2.250320e-06 
2.224668e-06 
2.199453e-06 
2.174665e-06 
2.150294e-06 
2.126330e-06 
2.102765e-06 
2.079588e-06 
2.056793e-06 
2.034371e-06 
2.012313e-06 
1.990612e-06 
1.969260e-06 
1.948249e-06 
1.927574e-06 
1.907225e-06 
1.887197e-06 
1.867483e-06 
1.848076e-06 
1.828969e-06 
1.810158e-06 
1.791635e-06 
1.773395e-06 
1.755432e-06 
1.737740e-06 
1.720315e-06 
1.703151e-06 
1.686243e-06 
1.669586e-06 
1.653174e-06 
1.637003e-06 
1.621069e-06 
1.605365e-06 
1.589889e-06 
1.574636e-06 
1.559601e-06 
1.544780e-06 
1.530169e-06 
1.515765e-06 
1.501563e-06 
1.487560e-06 
1.473751e-06 
1.460134e-06 
1.446705e-06 
1.433460e-06 
1.420397e-06 
1.407511e-06 
1.394799e-06 
1.382260e-06 
1.369889e-06 
1.357683e-06 
1.345640e-06 
1.333757e-06 
1.322030e-06 
1.310457e-06 
1.299036e-06 
1.287763e-06 
1.276636e-06 
1.265653e-06 
1.254811e-06 
1.244107e-06 
1.233540e-06 
1.223107e-06 
1.212806e-06 
1.202634e-06 
1.192590e-06 
1.182671e-06 
1.172875e-06 
1.163201e-06 
1.153645e-06 
1.144207e-06 
1.134885e-06 
1.125675e-06 
1.116578e-06 
1.107590e-06 
1.098710e-06 
1.089937e-06 
1.081268e-06 
1.072702e-06 
1.064238e-06 
1.055873e-06 
1.047607e-06 
1.039437e-06 
1.031363e-06 
1.023382e-06 
1.015494e-06 
1.007696e-06 
9.999878e-07 
9.923676e-07 
9.848343e-07 
9.773863e-07 
9.700225e-07 
9.627416e-07 
9.555423e-07 
9.484235e-07 
9.413840e-07 
9.344226e-07 
9.275381e-07 
9.207295e-07 
9.139956e-07 
9.073354e-07 
9.007478e-07 
8.942317e-07 
8.877861e-07 
8.814100e-07 
8.751023e-07 
8.688621e-07 
8.626884e-07 
8.565803e-07 
8.505368e-07 
8.445570e-07 
8.386400e-07 
8.327850e-07 
8.269911e-07 
8.212575e-07 
8.155832e-07 
8.099676e-07 
8.044098e-07 
7.989090e-07 
7.934644e-07 
7.880752e-07 
7.827408e-07 
7.774603e-07 
7.722331e-07 
7.670584e-07 
7.619356e-07 
7.568640e-07 
3.186393e-08 
2.941300e-08 
2.719712e-08 
2.518983e-08 
2.336806e-08 
2.171165e-08 
2.020294e-08 
1.882643e-08 
1.756846e-08 
1.641700e-08 
1.536140e-08 
1.439226e-08 
1.350119e-08 
1.268075e-08 
1.192432e-08 
1.122597e-08 
1.058041e-08 
9.982914e-09 
9.429228e-09 
8.915532e-09 
8.438391e-09 
7.994705e-09 
7.581680e-09 
7.196787e-09 
6.837738e-09 
6.502459e-09 
6.189068e-09 
5.895853e-09 
5.621258e-09 
5.363863e-09 
5.122375e-09 
4.895605e-09 
4.682481e-09 
4.482013e-09 
4.293296e-09 
4.115498e-09 
3.947856e-09 
3.789669e-09 
3.640290e-09 
3.499125e-09 
3.365627e-09 
3.239289e-09 
3.119645e-09 
3.006262e-09 
2.898742e-09 
2.796714e-09 
2.699835e-09 
2.607788e-09 
2.520277e-09 
2.437029e-09 
2.357787e-09 
2.282318e-09 
2.210398e-09 
2.141823e-09 
2.076401e-09 
2.013953e-09 
1.954313e-09 
1.897324e-09 
1.842842e-09 
1.790728e-09 
1.740857e-09 
1.693107e-09 
1.647367e-09 
1.603532e-09 
1.561502e-09 
1.521185e-09 
1.482493e-09 
1.445345e-09 
1.409663e-09 
1.375374e-09 
1.342411e-09 
1.310709e-09 
1.280207e-09 
1.250847e-09 
1.222576e-09 
1.195342e-09 
1.169097e-09 
1.143796e-09 
1.119395e-09 
1.095853e-09 
1.073133e-09 
1.051197e-09 
1.030010e-09 
1.009540e-09 
9.897560e-10 
9.706279e-10 
9.521278e-10 
9.342292e-10 
9.169067e-10 
9.001364e-10 
8.838953e-10 
8.681618e-10 
8.529153e-10 
8.381360e-10 
8.238053e-10 
8.099054e-10 
7.964193e-10 
7.833307e-10 
7.706244e-10 
7.582855e-10 
7.463000e-10 
7.346544e-10 
7.233361e-10 
7.123329e-10 
7.016331e-10 
6.912258e-10 
6.811002e-10 
6.712461e-10 
6.616539e-10 
6.523142e-10 
6.432182e-10 
6.343572e-10 
6.257232e-10 
6.173084e-10 
6.091051e-10 
6.011063e-10 
5.933050e-10 
5.856946e-10 
5.782688e-10 
5.710215e-10 
5.639468e-10 
5.570392e-10 
5.502933e-10 
5.437038e-10 
5.372658e-10 
5.309746e-10 
5.248254e-10 
5.188140e-10 
5.129360e-10 
5.071874e-10 
5.015641e-10 
4.960625e-10 
4.906788e-10 
4.854096e-10 
4.802514e-10 
4.752010e-10 
4.702553e-10 
4.654111e-10 
4.606657e-10 
4.560160e-10 
4.514596e-10 
4.469936e-10 
4.426156e-10 
4.383231e-10 
4.341137e-10 
4.299853e-10 
4.259354e-10 
4.219622e-10 
4.180634e-10 
4.142371e-10 
4.104813e-10 
4.067945e-10 
4.031745e-10 
3.996198e-10 
3.961285e-10 
3.926990e-10 
3.893297e-10 
3.860192e-10 
3.827660e-10 
3.795685e-10 
3.764255e-10 
3.733356e-10 
3.702975e-10 
3.673098e-10 
3.643715e-10 
3.614813e-10 
3.586381e-10 
3.558407e-10 
3.530880e-10 
3.503791e-10 
3.477129e-10 
3.450883e-10 
3.425046e-10 
3.399606e-10 
3.374556e-10 
3.349886e-10 
3.325587e-10 
3.301652e-10 
3.278073e-10 
3.254841e-10 
3.231949e-10 
3.209390e-10 
3.187157e-10 
3.165242e-10 
3.143638e-10 
3.122339e-10 
3.101340e-10 
3.080632e-10 
3.060211e-10 
3.040070e-10 
3.020203e-10 
3.000606e-10 
2.981272e-10 
2.962196e-10 
2.943374e-10 
2.924799e-10 
2.906467e-10 
2.888373e-10 
2.870513e-10 
2.852882e-10 
2.835475e-10 
2.818289e-10 
2.801318e-10 
2.784560e-10 
2.768009e-10 
2.751663e-10 
2.735516e-10 
2.719566e-10 
2.703808e-10 
2.688240e-10 
2.672858e-10 
2.657658e-10 
2.642637e-10 
2.627792e-10 
2.613120e-10 
2.598617e-10 
2.584281e-10 
2.570109e-10 
2.556098e-10 
2.542244e-10 
2.528546e-10 
2.515001e-10 
2.501606e-10 
2.488358e-10 
2.475255e-10 
2.462295e-10 
2.449475e-10 
2.436793e-10 
2.424247e-10 
2.411834e-10 
2.399552e-10 
2.387399e-10 
2.375373e-10 
2.363472e-10 
2.351694e-10 
2.340036e-10 
2.328498e-10 
2.317077e-10 
2.305772e-10 
2.294579e-10 
2.283499e-10 
2.272529e-10 
2.261666e-10 
2.250911e-10 
2.240261e-10 
2.229714e-10 
2.219269e-10 
2.208925e-10 
2.198679e-10 
2.188531e-10 
2.178479e-10 
