   2.53386537927e+08    2.53386537927e+09    5.06773075853e+06    6.20500000000e+00 
451 
1.778018e-04 
1.712885e-04 
1.650928e-04 
1.592039e-04 
1.536016e-04 
1.482677e-04 
1.431900e-04 
1.383547e-04 
1.337500e-04 
1.293611e-04 
1.251756e-04 
1.211810e-04 
1.173648e-04 
1.137198e-04 
1.102353e-04 
1.069018e-04 
1.037118e-04 
1.006577e-04 
9.773255e-05 
9.492962e-05 
9.224280e-05 
8.966563e-05 
8.719210e-05 
8.481725e-05 
8.253625e-05 
8.034496e-05 
7.823798e-05 
7.621034e-05 
7.425883e-05 
7.237994e-05 
7.057048e-05 
6.882678e-05 
6.714544e-05 
6.552382e-05 
6.395924e-05 
6.244921e-05 
6.099117e-05 
5.958305e-05 
5.822246e-05 
5.690704e-05 
5.563547e-05 
5.440526e-05 
5.321505e-05 
5.206317e-05 
5.094767e-05 
4.986736e-05 
4.882042e-05 
4.780580e-05 
4.682222e-05 
4.586817e-05 
4.494273e-05 
4.404457e-05 
4.317280e-05 
4.232642e-05 
4.150429e-05 
4.070562e-05 
3.992958e-05 
3.917531e-05 
3.844199e-05 
3.772887e-05 
3.703519e-05 
3.636025e-05 
3.570342e-05 
3.506410e-05 
3.444165e-05 
3.383544e-05 
3.324494e-05 
3.266959e-05 
3.210888e-05 
3.156235e-05 
3.102951e-05 
3.050989e-05 
3.000307e-05 
2.950863e-05 
2.902621e-05 
2.855541e-05 
2.809585e-05 
2.764714e-05 
2.720899e-05 
2.678107e-05 
2.636306e-05 
2.595464e-05 
2.555552e-05 
2.516544e-05 
2.478412e-05 
2.441131e-05 
2.404674e-05 
2.369017e-05 
2.334138e-05 
2.300013e-05 
2.266623e-05 
2.233944e-05 
2.201955e-05 
2.170639e-05 
2.139977e-05 
2.109953e-05 
2.080546e-05 
2.051739e-05 
2.023517e-05 
1.995867e-05 
1.968770e-05 
1.942211e-05 
1.916175e-05 
1.890649e-05 
1.865620e-05 
1.841074e-05 
1.817000e-05 
1.793385e-05 
1.770218e-05 
1.747488e-05 
1.725182e-05 
1.703291e-05 
1.681805e-05 
1.660713e-05 
1.640005e-05 
1.619672e-05 
1.599704e-05 
1.580092e-05 
1.560829e-05 
1.541907e-05 
1.523315e-05 
1.505042e-05 
1.487081e-05 
1.469431e-05 
1.452092e-05 
1.435042e-05 
1.418270e-05 
1.401786e-05 
1.385580e-05 
1.369637e-05 
1.353952e-05 
1.338521e-05 
1.323340e-05 
1.308403e-05 
1.293702e-05 
1.279233e-05 
1.264990e-05 
1.250969e-05 
1.237163e-05 
1.223569e-05 
1.210180e-05 
1.196993e-05 
1.184002e-05 
1.171202e-05 
1.158590e-05 
1.146160e-05 
1.133908e-05 
1.121830e-05 
1.109921e-05 
1.098178e-05 
1.086595e-05 
1.075168e-05 
1.063892e-05 
1.052763e-05 
1.041777e-05 
1.030929e-05 
1.020215e-05 
1.009630e-05 
9.991685e-06 
9.888265e-06 
9.785992e-06 
9.684801e-06 
9.584639e-06 
9.485443e-06 
9.387143e-06 
9.289654e-06 
9.192903e-06 
9.096781e-06 
9.001184e-06 
8.905970e-06 
8.810984e-06 
8.716020e-06 
8.620832e-06 
8.525088e-06 
8.428356e-06 
8.330017e-06 
8.229174e-06 
8.124421e-06 
8.013368e-06 
7.891461e-06 
7.748072e-06 
7.546564e-06 
7.146211e-06 
7.471641e-06 
7.524352e-06 
7.532040e-06 
7.520013e-06 
7.497595e-06 
7.468496e-06 
7.434443e-06 
7.396738e-06 
7.356363e-06 
7.314124e-06 
7.270572e-06 
7.226151e-06 
7.181097e-06 
7.135653e-06 
7.089935e-06 
7.044145e-06 
6.998220e-06 
6.952139e-06 
6.906014e-06 
6.859878e-06 
6.813849e-06 
6.767921e-06 
6.722104e-06 
6.676430e-06 
6.630923e-06 
6.585613e-06 
6.540515e-06 
6.495623e-06 
6.450991e-06 
6.406701e-06 
6.362723e-06 
6.319057e-06 
6.275693e-06 
6.232658e-06 
6.189953e-06 
6.147600e-06 
6.105575e-06 
6.063877e-06 
6.022521e-06 
5.981518e-06 
5.940859e-06 
5.900545e-06 
5.860575e-06 
5.820946e-06 
5.781658e-06 
5.742706e-06 
5.704095e-06 
5.665830e-06 
5.627907e-06 
5.590324e-06 
5.553075e-06 
5.516170e-06 
5.479616e-06 
5.443380e-06 
5.407448e-06 
5.371830e-06 
5.336526e-06 
5.301535e-06 
5.266856e-06 
5.232488e-06 
5.198433e-06 
5.164685e-06 
5.131229e-06 
5.098069e-06 
5.065204e-06 
5.032633e-06 
5.000355e-06 
4.968374e-06 
4.936676e-06 
4.905250e-06 
4.874100e-06 
4.843224e-06 
4.812620e-06 
4.782287e-06 
4.752222e-06 
4.722423e-06 
4.692887e-06 
4.663612e-06 
4.634595e-06 
4.605834e-06 
4.577328e-06 
4.549077e-06 
4.521078e-06 
4.493323e-06 
4.465804e-06 
4.438523e-06 
4.411477e-06 
4.384665e-06 
4.358085e-06 
4.331735e-06 
4.305612e-06 
4.279714e-06 
4.254038e-06 
4.228583e-06 
4.203347e-06 
4.178325e-06 
4.153515e-06 
4.128915e-06 
4.104526e-06 
4.080347e-06 
4.056377e-06 
4.032612e-06 
4.009050e-06 
3.985688e-06 
3.962524e-06 
3.939556e-06 
3.916785e-06 
3.894208e-06 
3.871821e-06 
3.849617e-06 
3.827598e-06 
3.805761e-06 
3.784106e-06 
3.762632e-06 
3.741335e-06 
3.720214e-06 
3.699271e-06 
3.678506e-06 
3.657910e-06 
3.637476e-06 
3.617204e-06 
3.597096e-06 
3.577151e-06 
3.557365e-06 
3.537738e-06 
3.518269e-06 
3.498957e-06 
3.479798e-06 
3.460793e-06 
3.441939e-06 
3.423236e-06 
3.404682e-06 
3.386276e-06 
3.368015e-06 
3.349898e-06 
3.331922e-06 
3.314086e-06 
3.296390e-06 
3.278831e-06 
3.261410e-06 
3.244123e-06 
3.226971e-06 
3.209951e-06 
3.193063e-06 
3.176305e-06 
3.159675e-06 
3.143173e-06 
3.126796e-06 
3.110545e-06 
3.094418e-06 
3.078415e-06 
3.062534e-06 
3.046774e-06 
3.031133e-06 
3.015611e-06 
3.000206e-06 
2.984917e-06 
2.969743e-06 
2.954682e-06 
2.939735e-06 
2.924898e-06 
2.910172e-06 
2.895556e-06 
2.881048e-06 
2.866647e-06 
2.852352e-06 
2.838163e-06 
2.824078e-06 
2.810096e-06 
2.796216e-06 
2.782438e-06 
2.768760e-06 
2.755181e-06 
2.741701e-06 
2.728318e-06 
2.715031e-06 
2.701841e-06 
2.688745e-06 
2.675743e-06 
2.662834e-06 
2.650017e-06 
2.637291e-06 
2.624656e-06 
2.612111e-06 
2.599655e-06 
2.587286e-06 
2.575005e-06 
2.562811e-06 
2.550702e-06 
2.538679e-06 
2.526740e-06 
2.514884e-06 
2.503111e-06 
2.491420e-06 
2.479810e-06 
2.468280e-06 
2.456830e-06 
2.445458e-06 
2.434164e-06 
2.422947e-06 
2.411807e-06 
2.400742e-06 
2.389752e-06 
2.378837e-06 
2.367995e-06 
2.357226e-06 
2.346530e-06 
2.335905e-06 
2.325352e-06 
2.314869e-06 
2.304456e-06 
2.294114e-06 
2.283840e-06 
2.273635e-06 
2.263497e-06 
2.253427e-06 
2.243424e-06 
2.233486e-06 
2.223614e-06 
2.213806e-06 
2.204062e-06 
2.194381e-06 
2.184763e-06 
2.175207e-06 
2.165713e-06 
2.156280e-06 
2.146907e-06 
2.137596e-06 
2.128344e-06 
2.119151e-06 
2.110017e-06 
2.100942e-06 
2.091925e-06 
2.082966e-06 
2.074063e-06 
2.065216e-06 
2.056426e-06 
2.047690e-06 
2.039009e-06 
2.030382e-06 
2.021809e-06 
2.013291e-06 
2.004827e-06 
1.996416e-06 
1.988059e-06 
1.979753e-06 
1.971499e-06 
1.963296e-06 
1.955142e-06 
1.947038e-06 
1.938983e-06 
1.930979e-06 
1.923024e-06 
1.915118e-06 
1.907262e-06 
1.899453e-06 
1.891692e-06 
1.883978e-06 
1.876310e-06 
1.868688e-06 
1.861111e-06 
1.853580e-06 
1.846095e-06 
1.838656e-06 
1.831261e-06 
1.823911e-06 
1.816606e-06 
1.809343e-06 
3.225665e-05 
3.003674e-05 
2.800859e-05 
2.615241e-05 
2.445077e-05 
2.288828e-05 
2.145132e-05 
2.012783e-05 
1.890708e-05 
1.777952e-05 
1.673662e-05 
1.575618e-05 
1.484787e-05 
1.400533e-05 
1.322288e-05 
1.249538e-05 
1.181820e-05 
1.118719e-05 
1.059857e-05 
1.004893e-05 
9.535167e-06 
9.054485e-06 
8.604327e-06 
8.182367e-06 
7.786487e-06 
7.414752e-06 
7.065396e-06 
6.736801e-06 
6.427487e-06 
6.136094e-06 
5.861376e-06 
5.598965e-06 
5.351350e-06 
5.117531e-06 
4.896586e-06 
4.687664e-06 
4.489980e-06 
4.302808e-06 
4.125476e-06 
3.957364e-06 
3.797895e-06 
3.646536e-06 
3.502792e-06 
3.366201e-06 
3.236336e-06 
3.112798e-06 
2.995218e-06 
2.883249e-06 
2.776570e-06 
2.674879e-06 
2.577897e-06 
2.484232e-06 
2.394860e-06 
2.309544e-06 
2.228064e-06 
2.150212e-06 
2.075793e-06 
2.004627e-06 
1.936542e-06 
1.871377e-06 
1.808982e-06 
1.749215e-06 
1.691943e-06 
1.637041e-06 
1.584391e-06 
1.533882e-06 
1.485408e-06 
1.438871e-06 
1.394178e-06 
1.351242e-06 
1.309978e-06 
1.270308e-06 
1.232158e-06 
1.195459e-06 
1.160143e-06 
1.126147e-06 
1.093413e-06 
1.061884e-06 
1.031506e-06 
1.002229e-06 
9.740041e-07 
9.467865e-07 
9.205324e-07 
8.952009e-07 
8.707528e-07 
8.471510e-07 
8.243601e-07 
8.023464e-07 
7.810781e-07 
7.605247e-07 
7.406571e-07 
7.214478e-07 
7.028704e-07 
6.848998e-07 
6.675121e-07 
6.506845e-07 
6.343952e-07 
6.186234e-07 
6.033492e-07 
5.885537e-07 
5.742188e-07 
5.601843e-07 
5.465843e-07 
5.334029e-07 
5.206243e-07 
5.082338e-07 
4.962172e-07 
4.845608e-07 
4.732517e-07 
4.622774e-07 
4.516259e-07 
4.412858e-07 
4.312460e-07 
4.214962e-07 
4.120261e-07 
4.028261e-07 
3.938869e-07 
3.851996e-07 
3.767556e-07 
3.685467e-07 
3.605650e-07 
3.528030e-07 
3.452532e-07 
3.379088e-07 
3.307629e-07 
3.238091e-07 
3.170412e-07 
3.104532e-07 
3.040393e-07 
2.977939e-07 
2.917117e-07 
2.857876e-07 
2.800165e-07 
2.743938e-07 
2.689147e-07 
2.635750e-07 
2.583703e-07 
2.532964e-07 
2.483494e-07 
2.435255e-07 
2.388210e-07 
2.342323e-07 
2.297560e-07 
2.253887e-07 
2.211272e-07 
2.169684e-07 
2.129094e-07 
2.089473e-07 
2.050792e-07 
2.013024e-07 
1.976144e-07 
1.939881e-07 
1.904466e-07 
1.869876e-07 
1.836087e-07 
1.803076e-07 
1.770823e-07 
1.739305e-07 
1.708504e-07 
1.678398e-07 
1.648970e-07 
1.620200e-07 
1.592072e-07 
1.564567e-07 
1.537668e-07 
1.511361e-07 
1.485629e-07 
1.460456e-07 
1.435829e-07 
1.411732e-07 
1.388153e-07 
1.365077e-07 
1.342491e-07 
1.320384e-07 
1.298742e-07 
1.277554e-07 
1.256809e-07 
1.236494e-07 
1.216600e-07 
1.197116e-07 
1.178032e-07 
1.159337e-07 
1.141022e-07 
6.682306e-07 
6.581974e-07 
6.483567e-07 
6.387040e-07 
6.292347e-07 
6.199445e-07 
6.108291e-07 
6.018844e-07 
5.931065e-07 
5.844914e-07 
5.760354e-07 
5.677348e-07 
5.595861e-07 
5.515857e-07 
5.437304e-07 
5.360167e-07 
5.284417e-07 
5.210021e-07 
5.136949e-07 
5.065172e-07 
4.994661e-07 
4.925389e-07 
4.857328e-07 
4.790453e-07 
4.724737e-07 
4.660156e-07 
4.596684e-07 
4.534300e-07 
4.472978e-07 
4.412697e-07 
4.353436e-07 
4.295172e-07 
4.237884e-07 
4.181553e-07 
4.126159e-07 
4.071682e-07 
4.018104e-07 
3.965406e-07 
3.913570e-07 
3.862580e-07 
3.812417e-07 
3.763065e-07 
3.714508e-07 
3.666731e-07 
3.619717e-07 
3.573452e-07 
3.527921e-07 
3.483109e-07 
3.439003e-07 
3.395589e-07 
3.352854e-07 
3.310784e-07 
3.269367e-07 
3.228590e-07 
3.188442e-07 
3.148909e-07 
3.109981e-07 
3.071646e-07 
3.033894e-07 
2.996712e-07 
2.960092e-07 
2.924021e-07 
2.888491e-07 
2.853491e-07 
2.819012e-07 
2.785043e-07 
2.751577e-07 
2.718603e-07 
2.686104e-07 
2.654081e-07 
2.622526e-07 
2.591431e-07 
2.560788e-07 
2.530589e-07 
2.500828e-07 
2.471496e-07 
2.442587e-07 
2.414093e-07 
2.386008e-07 
2.358325e-07 
2.331037e-07 
2.304137e-07 
2.277620e-07 
2.251478e-07 
2.225707e-07 
2.200298e-07 
2.175248e-07 
2.150549e-07 
2.126196e-07 
2.102183e-07 
2.078506e-07 
2.055158e-07 
2.032134e-07 
2.009429e-07 
1.987037e-07 
1.964954e-07 
1.943175e-07 
1.921695e-07 
1.900509e-07 
1.879612e-07 
1.859000e-07 
1.838669e-07 
1.818613e-07 
1.798828e-07 
1.779311e-07 
1.760056e-07 
1.741061e-07 
1.722320e-07 
1.703830e-07 
1.685586e-07 
1.667586e-07 
1.649825e-07 
1.632299e-07 
1.615005e-07 
1.597939e-07 
1.581098e-07 
1.564479e-07 
1.548077e-07 
1.531889e-07 
1.515913e-07 
1.500145e-07 
1.484581e-07 
1.469220e-07 
1.454056e-07 
1.439089e-07 
1.424314e-07 
1.409729e-07 
1.395331e-07 
1.381117e-07 
1.367084e-07 
1.353230e-07 
1.339551e-07 
1.326046e-07 
1.312712e-07 
1.299546e-07 
1.286546e-07 
1.273708e-07 
1.261032e-07 
1.248514e-07 
1.236153e-07 
1.223945e-07 
1.211888e-07 
1.199982e-07 
1.188222e-07 
1.176607e-07 
1.165135e-07 
1.153805e-07 
1.142613e-07 
1.131557e-07 
1.120637e-07 
1.109850e-07 
1.099193e-07 
1.088666e-07 
1.078266e-07 
1.067991e-07 
1.057841e-07 
1.047812e-07 
1.037903e-07 
1.028113e-07 
1.018439e-07 
1.008881e-07 
9.994365e-08 
9.901039e-08 
9.808816e-08 
9.717682e-08 
9.627621e-08 
9.538618e-08 
9.450660e-08 
9.363764e-08 
9.277882e-08 
9.193000e-08 
9.109103e-08 
9.026177e-08 
8.944208e-08 
8.863184e-08 
8.783091e-08 
8.703915e-08 
8.625645e-08 
8.548267e-08 
8.471769e-08 
8.396138e-08 
8.321364e-08 
8.247434e-08 
8.174336e-08 
8.102059e-08 
8.030592e-08 
7.959923e-08 
7.890043e-08 
7.820940e-08 
7.752603e-08 
7.685023e-08 
7.618188e-08 
7.552090e-08 
7.486718e-08 
7.422063e-08 
7.358115e-08 
7.294864e-08 
7.232301e-08 
7.170418e-08 
7.109204e-08 
7.048652e-08 
6.988753e-08 
6.929498e-08 
6.870879e-08 
6.812887e-08 
6.755514e-08 
6.698752e-08 
6.642594e-08 
6.587031e-08 
6.532056e-08 
6.477661e-08 
6.423839e-08 
6.370582e-08 
6.317883e-08 
6.265736e-08 
6.214133e-08 
6.163067e-08 
6.112531e-08 
6.062519e-08 
6.013024e-08 
5.964039e-08 
5.915559e-08 
5.867577e-08 
5.820086e-08 
5.773081e-08 
5.726556e-08 
5.680504e-08 
5.634920e-08 
5.589797e-08 
5.545131e-08 
5.500916e-08 
5.457145e-08 
5.413815e-08 
5.370918e-08 
5.328451e-08 
5.286408e-08 
5.244783e-08 
5.203572e-08 
5.162769e-08 
5.122370e-08 
5.082370e-08 
5.042765e-08 
5.003548e-08 
4.964716e-08 
4.926264e-08 
4.888188e-08 
4.850483e-08 
4.813145e-08 
4.776170e-08 
4.739552e-08 
4.703288e-08 
4.667375e-08 
4.631806e-08 
4.596580e-08 
4.561691e-08 
4.527136e-08 
4.492911e-08 
4.459012e-08 
4.425435e-08 
4.392177e-08 
4.359234e-08 
4.326602e-08 
4.294278e-08 
4.262258e-08 
4.230538e-08 
4.199116e-08 
4.167988e-08 
4.137151e-08 
