           0   1759165818.4267864        3.1355546709527062E-008
          14          14   1.0000000000000000     
 (  3.9999999999999538     ,  5.2453668002237065E-007)
 (  3.9999999999999538     , -5.2453668002237065E-007)
 (  1.0490733600447320E-006, -3.9999999999998508     )
 (  1.0490733600447320E-006,  3.9999999999998508     )
   15.237418594155944       -36.476907966728476        43.909625101399342     
   15.237418594155944       -36.476907966728476        43.909625101399342     
         101
   5000.0000000000000       0.39019014502649974       0.79512610076477164     
  0.39019014502649974       0.79512610076477164     
   5100.0000000000000       0.38610030898569470       0.76671357265656748     
  0.38610030898569470       0.76671357265656748     
   5200.0000000000000       0.38208919784697848       0.73975191258426132     
  0.38208919784697848       0.73975191258426132     
   5300.0000000000000       0.37794199174686582       0.71419385185666118     
  0.37794199174686582       0.71419385185666118     
   5400.0000000000000       0.37311445131902410       0.68989916396791184     
  0.37311445131902410       0.68989916396791184     
   5500.0000000000000       0.36837535229513385       0.66681343061091947     
  0.36837535229513385       0.66681343061091947     
   5600.0000000000000       0.36371990972730117       0.64483688078269030     
  0.36371990972730117       0.64483688078269030     
   5700.0000000000000       0.35914833570655169       0.62391782062715873     
  0.35914833570655169       0.62391782062715873     
   5800.0000000000000       0.35379349947785776       0.60407227814880304     
  0.35379349947785776       0.60407227814880304     
   5900.0000000000000       0.34925058379981522       0.58514920447449137     
  0.34925058379981522       0.58514920447449137     
   6000.0000000000000       0.34429608039497239       0.56706907650844285     
  0.34429608039497239       0.56706907650844285     
   6100.0000000000000       0.33917551200582174       0.54978729230219436     
  0.33917551200582174       0.54978729230219436     
   6200.0000000000000       0.33444612561562259       0.53325602713060971     
  0.33444612561562259       0.53325602713060971     
   6300.0000000000000       0.33017178209496123       0.51741899297566174     
  0.33017178209496123       0.51741899297566174     
   6400.0000000000000       0.32528731996336191       0.50226217783128291     
  0.32528731996336191       0.50226217783128291     
   6500.0000000000000       0.32049172713346330       0.48788235735923735     
  0.32049172713346330       0.48788235735923735     
   6600.0000000000000       0.31576443026638046       0.47406391852968499     
  0.31576443026638046       0.47406391852968499     
   6700.0000000000000       0.31110292081772073       0.46076804177833308     
  0.31110292081772073       0.46076804177833308     
   6800.0000000000000       0.30650450021417086       0.44796430332195730     
  0.30650450021417086       0.44796430332195730     
   6900.0000000000000       0.30198405273297801       0.43578275437036773     
  0.30198405273297801       0.43578275437036773     
   7000.0000000000000       0.29753200087442089       0.42410192142126490     
  0.29753200087442089       0.42410192142126490     
   7100.0000000000000       0.29282453295174626       0.41282013605262780     
  0.29282453295174626       0.41282013605262780     
   7200.0000000000000       0.28779111113911782       0.40191289467213248     
  0.28779111113911782       0.40191289467213248     
   7300.0000000000000       0.28352580832810759       0.39156331145024476     
  0.28352580832810759       0.39156331145024476     
   7400.0000000000000       0.27931343932046460       0.38156947627271387     
  0.27931343932046460       0.38156947627271387     
   7500.0000000000000       0.27528931265582735       0.37188259164643545     
  0.27528931265582735       0.37188259164643545     
   7600.0000000000000       0.27187015701601958       0.36261005577836458     
  0.27187015701601958       0.36261005577836458     
   7700.0000000000000       0.26800012588500977       0.35370500385761261     
  0.26800012588500977       0.35370500385761261     
   7800.0000000000000       0.26399565352178200       0.34504364811255589     
  0.26399565352178200       0.34504364811255589     
   7900.0000000000000       0.26004828615734077       0.33672858024092417     
  0.26004828615734077       0.33672858024092417     
   8000.0000000000000       0.25615691847826838       0.32874374933950079     
  0.25615691847826838       0.32874374933950079     
   8100.0000000000000       0.25229940093977277       0.32095643462150014     
  0.25229940093977277       0.32095643462150014     
   8200.0000000000000       0.24850195629893612       0.31351408890832022     
  0.24850195629893612       0.31351408890832022     
   8300.0000000000000       0.24474888993782606       0.30631183160258146     
  0.24474888993782606       0.30631183160258146     
   8400.0000000000000       0.24102486893565001       0.29926671094145962     
  0.24102486893565001       0.29926671094145962     
   8500.0000000000000       0.23737120229754716       0.29259769284139620     
  0.23737120229754716       0.29259769284139620     
   8600.0000000000000       0.23395216499406679       0.28605565206891304     
  0.23395216499406679       0.28605565206891304     
   8700.0000000000000       0.23096641277813035       0.27974392251029639     
  0.23096641277813035       0.27974392251029639     
   8800.0000000000000       0.22762355838153070       0.27366449790308639     
  0.22762355838153070       0.27366449790308639     
   8900.0000000000000       0.22410968277882581       0.26769632737139115     
  0.22410968277882581       0.26769632737139115     
   9000.0000000000000       0.22121732985037745       0.26203943869012802     
  0.22121732985037745       0.26203943869012802     
   9100.0000000000000       0.21822917335260072       0.25646222154696691     
  0.21822917335260072       0.25646222154696691     
   9200.0000000000000       0.21484878329889767       0.25112081837913469     
  0.21484878329889767       0.25112081837913469     
   9300.0000000000000       0.21174807643609839       0.24590848754323330     
  0.21174807643609839       0.24590848754323330     
   9400.0000000000000       0.20898485174708981       0.24085190296800360     
  0.20898485174708981       0.24085190296800360     
   9500.0000000000000       0.20625573555255805       0.23597286679095561     
  0.20625573555255805       0.23597286679095561     
   9600.0000000000000       0.20354550297149032       0.23119212739815359     
  0.20354550297149032       0.23119212739815359     
   9700.0000000000000       0.20130160601887326       0.22662050470883405     
  0.20130160601887326       0.22662050470883405     
   9800.0000000000000       0.19917520521051202       0.22210157026561886     
  0.19917520521051202       0.22210157026561886     
   9900.0000000000000       0.19660749395603361       0.21781057552336336     
  0.19660749395603361       0.21781057552336336     
   10000.000000000000       0.19400024414062500       0.21354000270366669     
  0.19400024414062500       0.21354000270366669     
   10100.000000000000       0.18496295743405256       0.21079531370328883     
  0.18496295743405256       0.21079531370328883     
   10200.000000000000       0.17621683956438794       0.20799781137697373     
  0.17621683956438794       0.20799781137697373     
   10300.000000000000       0.17369379557122677       0.20407154392434076     
  0.17369379557122677       0.20407154392434076     
   10400.000000000000       0.17117473812185935       0.20015631437209702     
  0.17117473812185935       0.20015631437209702     
   10500.000000000000       0.16872955453009908       0.19644562597722834     
  0.16872955453009908       0.19644562597722834     
   10600.000000000000       0.16628588526219268       0.19273877212729096     
  0.16628588526219268       0.19273877212729096     
   10700.000000000000       0.16392125583285200       0.18923206160305342     
  0.16392125583285200       0.18923206160305342     
   10800.000000000000       0.16155662640351132       0.18572535107881591     
  0.16155662640351132       0.18572535107881591     
   10900.000000000000       0.15926610663904484       0.18240133452063967     
  0.15926610663904484       0.18240133452063967     
   11000.000000000000       0.15697976745114239       0.17908762385325722     
  0.15697976745114239       0.17908762385325722     
   11100.000000000000       0.15475729573289598       0.17592602474375021     
  0.15475729573289598       0.17592602474375021     
   11200.000000000000       0.15254754575103036       0.17279472467615514     
  0.15254754575103036       0.17279472467615514     
   11300.000000000000       0.15038822194986956       0.16978074219116837     
  0.15038822194986956       0.16978074219116837     
   11400.000000000000       0.14825263876734951       0.16682199276071510     
  0.14825263876734951       0.16682199276071510     
   11500.000000000000       0.14615415263597242       0.16394216796120606     
  0.14615415263597242       0.16394216796120606     
   11600.000000000000       0.14409526360533853       0.16114658669228166     
  0.14409526360533853       0.16114658669228166     
   11700.000000000000       0.14205347489227371       0.15838874955881857     
  0.14205347489227371       0.15838874955881857     
   11800.000000000000       0.14006449732884185       0.15574747816617632     
  0.14006449732884185       0.15574747816617632     
   11900.000000000000       0.13807551976541177       0.15310620677353409     
  0.13807551976541177       0.15310620677353409     
   12000.000000000000       0.13615677679391780       0.15060529068900647     
  0.13615677679391780       0.15060529068900647     
   12100.000000000000       0.13424082358080724       0.14810994959803483     
  0.13424082358080724       0.14810994959803483     
   12200.000000000000       0.13236932921511091       0.14570208049700603     
  0.13236932921511091       0.14570208049700603     
   12300.000000000000       0.13052346754614774       0.14334464326996688     
  0.13052346754614774       0.14334464326996688     
   12400.000000000000       0.12869449786107268       0.14102129243859204     
  0.12869449786107268       0.14102129243859204     
   12500.000000000000       0.12691328242114608       0.13879430507200149     
  0.12691328242114608       0.13879430507200149     
   12600.000000000000       0.12513206698121948       0.13656731770541092     
  0.12513206698121948       0.13656731770541092     
   12700.000000000000       0.12340649675705606       0.13444414481158418     
  0.12340649675705606       0.13444414481158418     
   12800.000000000000       0.12169138421845460       0.13234048229430934     
  0.12169138421845460       0.13234048229430934     
   12900.000000000000       0.11999915680044282       0.13028056018879755     
  0.11999915680044282       0.13028056018879755     
   13000.000000000000       0.11834503948173491       0.12829347805061012     
  0.11834503948173491       0.12829347805061012     
   13100.000000000000       0.11669092216302879       0.12630639591242268     
  0.11669092216302879       0.12630639591242268     
   13200.000000000000       0.11509104520387758       0.12441408319210108     
  0.11509104520387758       0.12441408319210108     
   13300.000000000000       0.11349997587675453       0.12253715927389731     
  0.11349997587675453       0.12253715927389731     
   13400.000000000000       0.11192580283739595       0.12069110704158167     
  0.11192580283739595       0.12069110704158167     
   13500.000000000000       0.11039179560805934       0.11891844289828454     
  0.11039179560805934       0.11891844289828454     
   13600.000000000000       0.10885778837872273       0.11714577875498741     
  0.10885778837872273       0.11714577875498741     
   13700.000000000000       0.10736436987864728       0.11544023482074006     
  0.10736436987864728       0.11544023482074006     
   13800.000000000000       0.10588988526772880       0.11376600121873352     
  0.10588988526772880       0.11376600121873352     
   13900.000000000000       0.10441629579693412       0.11209330433012965     
  0.10441629579693412       0.11209330433012965     
   14000.000000000000       0.10299604926206918       0.11051218283015475     
  0.10299604926206918       0.11051218283015475     
   14100.000000000000       0.10157580272720423       0.10893106133017985     
  0.10157580272720423       0.10893106133017985     
   14200.000000000000       0.10017119461774904       0.10737625226809140     
  0.10017119461774904       0.10737625226809140     
   14300.000000000000        9.8803249825715866E-002  0.10588313108295003     
   9.8803249825715866E-002  0.10588313108295003     
   14400.000000000000        9.7435305033680919E-002  0.10439000989780865     
   9.7435305033680919E-002  0.10439000989780865     
   14500.000000000000        9.6094303076968757E-002  0.10294081436008200     
   9.6094303076968757E-002  0.10294081436008200     
   14600.000000000000        9.4777338482595397E-002  0.10153080759704175     
   9.4777338482595397E-002  0.10153080759704175     
   14700.000000000000        9.3460373888222037E-002  0.10012080083400150     
   9.3460373888222037E-002  0.10012080083400150     
   14800.000000000000        9.2178350699517964E-002   9.8766078948635053E-002
   9.2178350699517964E-002   9.8766078948635053E-002
   14900.000000000000        9.0911046751935842E-002   9.7434646093265936E-002
   9.0911046751935842E-002   9.7434646093265936E-002
   15000.000000000000        8.9643742804351945E-002   9.6103213237896820E-002
   8.9643742804351945E-002   9.6103213237896820E-002
